 v-sweep                v(g)                   v(d)                   idrain                
 0.000000000000000e+00  1.500000000000000e+00  0.000000000000000e+00 -0.000000000000000e+00 
 2.500000000000000e-02  1.500000000000000e+00  2.500000000000000e-02  1.438218753119610e-05 
 5.000000000000000e-02  1.500000000000000e+00  5.000000000000000e-02  2.752750005855303e-05 
 7.500000000000001e-02  1.500000000000000e+00  7.500000000000001e-02  3.943406258444956e-05 
 1.000000000000000e-01  1.500000000000000e+00  1.000000000000000e-01  5.010000010999992e-05 
 1.250000000000000e-01  1.500000000000000e+00  1.250000000000000e-01  5.952343763499993e-05 
 1.500000000000000e-01  1.500000000000000e+00  1.500000000000000e-01  6.770250015999995e-05 
 1.750000000000000e-01  1.500000000000000e+00  1.750000000000000e-01  7.463531268499994e-05 
 2.000000000000000e-01  1.500000000000000e+00  2.000000000000000e-01  8.032000020999992e-05 
 2.250000000000000e-01  1.500000000000000e+00  2.250000000000000e-01  8.475468773499995e-05 
 2.500000000000000e-01  1.500000000000000e+00  2.500000000000000e-01  8.793750025999983e-05 
 2.750000000000000e-01  1.500000000000000e+00  2.750000000000000e-01  8.986656278500000e-05 
 3.000000000000000e-01  1.500000000000000e+00  3.000000000000000e-01  9.054000030999992e-05 
 3.250000000000000e-01  1.500000000000000e+00  3.250000000000000e-01  9.058500033499995e-05 
 3.500000000000000e-01  1.500000000000000e+00  3.500000000000000e-01  9.063000035999997e-05 
 3.750000000000001e-01  1.500000000000000e+00  3.750000000000001e-01  9.067500038499989e-05 
 4.000000000000001e-01  1.500000000000000e+00  4.000000000000001e-01  9.072000040999991e-05 
 4.250000000000001e-01  1.500000000000000e+00  4.250000000000001e-01  9.076500043499994e-05 
 4.500000000000001e-01  1.500000000000000e+00  4.500000000000001e-01  9.081000045999996e-05 
 4.750000000000001e-01  1.500000000000000e+00  4.750000000000001e-01  9.085500048499999e-05 
 5.000000000000001e-01  1.500000000000000e+00  5.000000000000001e-01  9.090000050999991e-05 
 5.250000000000001e-01  1.500000000000000e+00  5.250000000000001e-01  9.094500053499993e-05 
 5.500000000000002e-01  1.500000000000000e+00  5.500000000000002e-01  9.099000055999996e-05 
 5.750000000000002e-01  1.500000000000000e+00  5.750000000000002e-01  9.103500058499998e-05 
 6.000000000000002e-01  1.500000000000000e+00  6.000000000000002e-01  9.108000060999990e-05 
 6.250000000000002e-01  1.500000000000000e+00  6.250000000000002e-01  9.112500063499993e-05 
 6.500000000000002e-01  1.500000000000000e+00  6.500000000000002e-01  9.117000065999995e-05 
 6.750000000000003e-01  1.500000000000000e+00  6.750000000000003e-01  9.121500068499998e-05 
 7.000000000000003e-01  1.500000000000000e+00  7.000000000000003e-01  9.126000070999989e-05 
 7.250000000000003e-01  1.500000000000000e+00  7.250000000000003e-01  9.130500073499992e-05 
 7.500000000000003e-01  1.500000000000000e+00  7.500000000000003e-01  9.135000075999994e-05 
 7.750000000000004e-01  1.500000000000000e+00  7.750000000000004e-01  9.139500078499997e-05 
 8.000000000000004e-01  1.500000000000000e+00  8.000000000000004e-01  9.144000080999989e-05 
 8.250000000000004e-01  1.500000000000000e+00  8.250000000000004e-01  9.148500083499991e-05 
 8.500000000000004e-01  1.500000000000000e+00  8.500000000000004e-01  9.153000085999994e-05 
 8.750000000000004e-01  1.500000000000000e+00  8.750000000000004e-01  9.157500088499996e-05 
 9.000000000000005e-01  1.500000000000000e+00  9.000000000000005e-01  9.162000090999999e-05 
 9.250000000000005e-01  1.500000000000000e+00  9.250000000000005e-01  9.166500093499990e-05 
 9.500000000000005e-01  1.500000000000000e+00  9.500000000000005e-01  9.171000095999993e-05 
 9.750000000000005e-01  1.500000000000000e+00  9.750000000000005e-01  9.175500098499996e-05 
 1.000000000000000e+00  1.500000000000000e+00  1.000000000000000e+00  9.180000100999998e-05 
 1.025000000000000e+00  1.500000000000000e+00  1.025000000000000e+00  9.184500103499990e-05 
 1.050000000000000e+00  1.500000000000000e+00  1.050000000000000e+00  9.189000105999992e-05 
 1.075000000000000e+00  1.500000000000000e+00  1.075000000000000e+00  9.193500108499995e-05 
 1.100000000000000e+00  1.500000000000000e+00  1.100000000000000e+00  9.198000110999997e-05 
 1.125000000000000e+00  1.500000000000000e+00  1.125000000000000e+00  9.202500113499989e-05 
 1.150000000000000e+00  1.500000000000000e+00  1.150000000000000e+00  9.207000115999992e-05 
 1.175000000000000e+00  1.500000000000000e+00  1.175000000000000e+00  9.211500118499994e-05 
 1.200000000000000e+00  1.500000000000000e+00  1.200000000000000e+00  9.216000120999997e-05 
 1.225000000000000e+00  1.500000000000000e+00  1.225000000000000e+00  9.220500123499988e-05 
 1.250000000000000e+00  1.500000000000000e+00  1.250000000000000e+00  9.225000125999991e-05 
 1.274999999999999e+00  1.500000000000000e+00  1.274999999999999e+00  9.229500128499993e-05 
 1.299999999999999e+00  1.500000000000000e+00  1.299999999999999e+00  9.234000130999996e-05 
 1.324999999999999e+00  1.500000000000000e+00  1.324999999999999e+00  9.238500133499999e-05 
 1.349999999999999e+00  1.500000000000000e+00  1.349999999999999e+00  9.243000135999990e-05 
 1.374999999999999e+00  1.500000000000000e+00  1.374999999999999e+00  9.247500138499993e-05 
 1.399999999999999e+00  1.500000000000000e+00  1.399999999999999e+00  9.252000140999995e-05 
 1.424999999999999e+00  1.500000000000000e+00  1.424999999999999e+00  9.256500143499998e-05 
 1.449999999999999e+00  1.500000000000000e+00  1.449999999999999e+00  9.261000145999990e-05 
 1.474999999999999e+00  1.500000000000000e+00  1.474999999999999e+00  9.265500148499992e-05 
 1.499999999999999e+00  1.500000000000000e+00  1.499999999999999e+00  9.270000150999995e-05 
 1.524999999999999e+00  1.500000000000000e+00  1.524999999999999e+00  9.274500153499997e-05 
 1.549999999999998e+00  1.500000000000000e+00  1.549999999999998e+00  9.279000155999989e-05 
 1.574999999999998e+00  1.500000000000000e+00  1.574999999999998e+00  9.283500158499991e-05 
 1.599999999999998e+00  1.500000000000000e+00  1.599999999999998e+00  9.288000160999994e-05 
 1.624999999999998e+00  1.500000000000000e+00  1.624999999999998e+00  9.292500163499997e-05 
 1.649999999999998e+00  1.500000000000000e+00  1.649999999999998e+00  9.297000165999988e-05 
 1.674999999999998e+00  1.500000000000000e+00  1.674999999999998e+00  9.301500168499991e-05 
 1.699999999999998e+00  1.500000000000000e+00  1.699999999999998e+00  9.306000170999993e-05 
 1.724999999999998e+00  1.500000000000000e+00  1.724999999999998e+00  9.310500173499996e-05 
 1.749999999999998e+00  1.500000000000000e+00  1.749999999999998e+00  9.315000175999998e-05 
 1.774999999999998e+00  1.500000000000000e+00  1.774999999999998e+00  9.319500178499990e-05 
 1.799999999999998e+00  1.500000000000000e+00  1.799999999999998e+00  9.324000180999993e-05 
 1.824999999999998e+00  1.500000000000000e+00  1.824999999999998e+00  9.328500183499995e-05 
 1.849999999999997e+00  1.500000000000000e+00  1.849999999999997e+00  9.333000185999998e-05 
 1.874999999999997e+00  1.500000000000000e+00  1.874999999999997e+00  9.337500188499989e-05 
 1.899999999999997e+00  1.500000000000000e+00  1.899999999999997e+00  9.342000190999992e-05 
 1.924999999999997e+00  1.500000000000000e+00  1.924999999999997e+00  9.346500193499994e-05 
 1.949999999999997e+00  1.500000000000000e+00  1.949999999999997e+00  9.351000195999997e-05 
 1.974999999999997e+00  1.500000000000000e+00  1.974999999999997e+00  9.355500198499989e-05 
 1.999999999999997e+00  1.500000000000000e+00  1.999999999999997e+00  9.360000200999991e-05 
 2.024999999999997e+00  1.500000000000000e+00  2.024999999999997e+00  9.364500203499994e-05 
 2.049999999999997e+00  1.500000000000000e+00  2.049999999999997e+00  9.369000205999996e-05 
 2.074999999999997e+00  1.500000000000000e+00  2.074999999999997e+00  9.373500208499988e-05 
 2.099999999999997e+00  1.500000000000000e+00  2.099999999999997e+00  9.378000210999991e-05 
 2.124999999999996e+00  1.500000000000000e+00  2.124999999999996e+00  9.382500213499993e-05 
 2.149999999999996e+00  1.500000000000000e+00  2.149999999999996e+00  9.387000215999996e-05 
 2.174999999999996e+00  1.500000000000000e+00  2.174999999999996e+00  9.391500218499998e-05 
 2.199999999999996e+00  1.500000000000000e+00  2.199999999999996e+00  9.396000220999990e-05 
 2.224999999999996e+00  1.500000000000000e+00  2.224999999999996e+00  9.400500223499992e-05 
 2.249999999999996e+00  1.500000000000000e+00  2.249999999999996e+00  9.405000225999995e-05 
 2.274999999999996e+00  1.500000000000000e+00  2.274999999999996e+00  9.409500228499997e-05 
 2.299999999999996e+00  1.500000000000000e+00  2.299999999999996e+00  9.414000230999989e-05 
 2.324999999999996e+00  1.500000000000000e+00  2.324999999999996e+00  9.418500233499992e-05 
 2.349999999999996e+00  1.500000000000000e+00  2.349999999999996e+00  9.423000235999994e-05 
 2.374999999999996e+00  1.500000000000000e+00  2.374999999999996e+00  9.427500238499997e-05 
 2.399999999999995e+00  1.500000000000000e+00  2.399999999999995e+00  9.432000240999988e-05 
 2.424999999999995e+00  1.500000000000000e+00  2.424999999999995e+00  9.436500243499991e-05 
 2.449999999999995e+00  1.500000000000000e+00  2.449999999999995e+00  9.441000245999994e-05 
 2.474999999999995e+00  1.500000000000000e+00  2.474999999999995e+00  9.445500248499996e-05 
 2.499999999999995e+00  1.500000000000000e+00  2.499999999999995e+00  9.450000250999988e-05 
 2.524999999999995e+00  1.500000000000000e+00  2.524999999999995e+00  9.454500253499990e-05 
 2.549999999999995e+00  1.500000000000000e+00  2.549999999999995e+00  9.459000255999993e-05 
 2.574999999999995e+00  1.500000000000000e+00  2.574999999999995e+00  9.463500258499995e-05 
 2.599999999999995e+00  1.500000000000000e+00  2.599999999999995e+00  9.468000260999998e-05 
 2.624999999999995e+00  1.500000000000000e+00  2.624999999999995e+00  9.472500263499990e-05 
 2.649999999999995e+00  1.500000000000000e+00  2.649999999999995e+00  9.477000265999992e-05 
 2.674999999999994e+00  1.500000000000000e+00  2.674999999999994e+00  9.481500268499995e-05 
 2.699999999999994e+00  1.500000000000000e+00  2.699999999999994e+00  9.486000270999997e-05 
 2.724999999999994e+00  1.500000000000000e+00  2.724999999999994e+00  9.490500273499989e-05 
 2.749999999999994e+00  1.500000000000000e+00  2.749999999999994e+00  9.495000275999991e-05 
 2.774999999999994e+00  1.500000000000000e+00  2.774999999999994e+00  9.499500278499994e-05 
 2.799999999999994e+00  1.500000000000000e+00  2.799999999999994e+00  9.504000280999997e-05 
 2.824999999999994e+00  1.500000000000000e+00  2.824999999999994e+00  9.508500283499988e-05 
 2.849999999999994e+00  1.500000000000000e+00  2.849999999999994e+00  9.513000285999991e-05 
 2.874999999999994e+00  1.500000000000000e+00  2.874999999999994e+00  9.517500288499993e-05 
 2.899999999999994e+00  1.500000000000000e+00  2.899999999999994e+00  9.522000290999996e-05 
 2.924999999999994e+00  1.500000000000000e+00  2.924999999999994e+00  9.526500293499988e-05 
 2.949999999999994e+00  1.500000000000000e+00  2.949999999999994e+00  9.531000295999990e-05 
 2.974999999999993e+00  1.500000000000000e+00  2.974999999999993e+00  9.535500298499993e-05 
 2.999999999999993e+00  1.500000000000000e+00  2.999999999999993e+00  9.540000300999995e-05 
