 v-sweep                v(g)                   v(d)                   idrain                
 0.000000000000000e+00  0.000000000000000e+00  2.000000000000000e-01  2.100000000000000e-13 
 2.000000000000000e-02  2.000000000000000e-02  2.000000000000000e-01  2.100000000000000e-13 
 4.000000000000000e-02  4.000000000000000e-02  2.000000000000000e-01  2.100000000000000e-13 
 6.000000000000000e-02  6.000000000000000e-02  2.000000000000000e-01  2.100000000000000e-13 
 8.000000000000000e-02  8.000000000000000e-02  2.000000000000000e-01  2.100000000000000e-13 
 1.000000000000000e-01  1.000000000000000e-01  2.000000000000000e-01  2.100000000000000e-13 
 1.200000000000000e-01  1.200000000000000e-01  2.000000000000000e-01  2.100000000000000e-13 
 1.400000000000000e-01  1.400000000000000e-01  2.000000000000000e-01  2.100000000000000e-13 
 1.600000000000000e-01  1.600000000000000e-01  2.000000000000000e-01  2.100000000000000e-13 
 1.800000000000000e-01  1.800000000000000e-01  2.000000000000000e-01  2.100000000000000e-13 
 2.000000000000000e-01  2.000000000000000e-01  2.000000000000000e-01  2.100000000000000e-13 
 2.200000000000000e-01  2.200000000000000e-01  2.000000000000000e-01  2.100000000000000e-13 
 2.400000000000000e-01  2.400000000000000e-01  2.000000000000000e-01  2.100000000000000e-13 
 2.600000000000000e-01  2.600000000000000e-01  2.000000000000000e-01  2.100000000000000e-13 
 2.800000000000000e-01  2.800000000000000e-01  2.000000000000000e-01  2.100000000000000e-13 
 3.000000000000000e-01  3.000000000000000e-01  2.000000000000000e-01  2.100000000000000e-13 
 3.200000000000000e-01  3.200000000000000e-01  2.000000000000000e-01  2.100000000000000e-13 
 3.400000000000000e-01  3.400000000000000e-01  2.000000000000000e-01  2.100000000000000e-13 
 3.600000000000000e-01  3.600000000000000e-01  2.000000000000000e-01  2.100000000000000e-13 
 3.800000000000001e-01  3.800000000000001e-01  2.000000000000000e-01  2.100000000000000e-13 
 4.000000000000001e-01  4.000000000000001e-01  2.000000000000000e-01  2.100000000000000e-13 
 4.200000000000001e-01  4.200000000000001e-01  2.000000000000000e-01  2.100000000000000e-13 
 4.400000000000001e-01  4.400000000000001e-01  2.000000000000000e-01  2.100000000000000e-13 
 4.600000000000001e-01  4.600000000000001e-01  2.000000000000000e-01  2.100000000000000e-13 
 4.800000000000001e-01  4.800000000000001e-01  2.000000000000000e-01  2.100000000000000e-13 
 5.000000000000001e-01  5.000000000000001e-01  2.000000000000000e-01  2.100000000000000e-13 
 5.200000000000001e-01  5.200000000000001e-01  2.000000000000000e-01  2.100000000000000e-13 
 5.400000000000001e-01  5.400000000000001e-01  2.000000000000000e-01  2.100000000000000e-13 
 5.600000000000002e-01  5.600000000000002e-01  2.000000000000000e-01  2.100000000000000e-13 
 5.800000000000002e-01  5.800000000000002e-01  2.000000000000000e-01  2.100000000000000e-13 
 6.000000000000002e-01  6.000000000000002e-01  2.000000000000000e-01  2.100000000000000e-13 
 6.200000000000002e-01  6.200000000000002e-01  2.000000000000000e-01  2.100000000000000e-13 
 6.400000000000002e-01  6.400000000000002e-01  2.000000000000000e-01  2.100000000000000e-13 
 6.600000000000003e-01  6.600000000000003e-01  2.000000000000000e-01  2.100000000000000e-13 
 6.800000000000003e-01  6.800000000000003e-01  2.000000000000000e-01  2.100000000000000e-13 
 7.000000000000003e-01  7.000000000000003e-01  2.000000000000000e-01  2.100000000000000e-13 
 7.200000000000003e-01  7.200000000000003e-01  2.000000000000000e-01  2.100000000000000e-13 
 7.400000000000003e-01  7.400000000000003e-01  2.000000000000000e-01  2.100000000000000e-13 
 7.600000000000003e-01  7.600000000000003e-01  2.000000000000000e-01  2.100000000000000e-13 
 7.800000000000004e-01  7.800000000000004e-01  2.000000000000000e-01  2.100000000000000e-13 
 8.000000000000004e-01  8.000000000000004e-01  2.000000000000000e-01  2.100000000000000e-13 
 8.200000000000004e-01  8.200000000000004e-01  2.000000000000000e-01  2.100000000000000e-13 
 8.400000000000004e-01  8.400000000000004e-01  2.000000000000000e-01  2.100000000000000e-13 
 8.600000000000004e-01  8.600000000000004e-01  2.000000000000000e-01  2.100000000000000e-13 
 8.800000000000004e-01  8.800000000000004e-01  2.000000000000000e-01  2.100000000000000e-13 
 9.000000000000005e-01  9.000000000000005e-01  2.000000000000000e-01  2.100000000000000e-13 
 9.200000000000005e-01  9.200000000000005e-01  2.000000000000000e-01  2.100000000000000e-13 
 9.400000000000005e-01  9.400000000000005e-01  2.000000000000000e-01  2.100000000000000e-13 
 9.600000000000005e-01  9.600000000000005e-01  2.000000000000000e-01  2.100000000000000e-13 
 9.800000000000005e-01  9.800000000000005e-01  2.000000000000000e-01  2.100000000000000e-13 
 1.000000000000000e+00  1.000000000000000e+00  2.000000000000000e-01  2.100000000000000e-13 
 1.020000000000000e+00  1.020000000000000e+00  2.000000000000000e-01  2.100000000000000e-13 
 1.040000000000000e+00  1.040000000000000e+00  2.000000000000000e-01  2.100000000000000e-13 
 1.060000000000000e+00  1.060000000000000e+00  2.000000000000000e-01  2.100000000000000e-13 
 1.080000000000001e+00  1.080000000000001e+00  2.000000000000000e-01  2.100000000000000e-13 
 1.100000000000001e+00  1.100000000000001e+00  2.000000000000000e-01  2.100000000000000e-13 
 1.120000000000001e+00  1.120000000000001e+00  2.000000000000000e-01  2.100000000000000e-13 
 1.140000000000001e+00  1.140000000000001e+00  2.000000000000000e-01  2.100000000000000e-13 
 1.160000000000001e+00  1.160000000000001e+00  2.000000000000000e-01  2.100000000000000e-13 
 1.180000000000001e+00  1.180000000000001e+00  2.000000000000000e-01  2.100000000000000e-13 
 1.200000000000001e+00  1.200000000000001e+00  2.000000000000000e-01  2.100000000000000e-13 
 1.220000000000001e+00  1.220000000000001e+00  2.000000000000000e-01  4.016002100000197e-07 
 1.240000000000001e+00  1.240000000000001e+00  2.000000000000000e-01  1.606400210000039e-06 
 1.260000000000001e+00  1.260000000000001e+00  2.000000000000000e-01  3.614400210000051e-06 
 1.280000000000001e+00  1.280000000000001e+00  2.000000000000000e-01  6.425600210000089e-06 
 1.300000000000001e+00  1.300000000000001e+00  2.000000000000000e-01  1.004000021000010e-05 
 1.320000000000001e+00  1.320000000000001e+00  2.000000000000000e-01  1.445760021000008e-05 
 1.340000000000001e+00  1.340000000000001e+00  2.000000000000000e-01  1.967840021000015e-05 
 1.360000000000001e+00  1.360000000000001e+00  2.000000000000000e-01  2.570240021000018e-05 
 1.380000000000001e+00  1.380000000000001e+00  2.000000000000000e-01  3.252960021000024e-05 
 1.400000000000001e+00  1.400000000000001e+00  2.000000000000000e-01  4.016000021000033e-05 
 1.420000000000001e+00  1.420000000000001e+00  2.000000000000000e-01  4.819200021000038e-05 
 1.440000000000001e+00  1.440000000000001e+00  2.000000000000000e-01  5.622400021000043e-05 
 1.460000000000001e+00  1.460000000000001e+00  2.000000000000000e-01  6.425600021000026e-05 
 1.480000000000001e+00  1.480000000000001e+00  2.000000000000000e-01  7.228800021000042e-05 
 1.500000000000001e+00  1.500000000000001e+00  2.000000000000000e-01  8.032000021000046e-05 
 1.520000000000001e+00  1.520000000000001e+00  2.000000000000000e-01  8.835200021000029e-05 
 1.540000000000001e+00  1.540000000000001e+00  2.000000000000000e-01  9.638400021000045e-05 
 1.560000000000001e+00  1.560000000000001e+00  2.000000000000000e-01  1.044160002100002e-04 
 1.580000000000001e+00  1.580000000000001e+00  2.000000000000000e-01  1.124480002100004e-04 
 1.600000000000001e+00  1.600000000000001e+00  2.000000000000000e-01  1.204800002100005e-04 
 1.620000000000001e+00  1.620000000000001e+00  2.000000000000000e-01  1.285120002100002e-04 
 1.640000000000001e+00  1.640000000000001e+00  2.000000000000000e-01  1.365440002100005e-04 
 1.660000000000001e+00  1.660000000000001e+00  2.000000000000000e-01  1.445760002100004e-04 
 1.680000000000001e+00  1.680000000000001e+00  2.000000000000000e-01  1.526080002100005e-04 
 1.700000000000001e+00  1.700000000000001e+00  2.000000000000000e-01  1.606400002100005e-04 
 1.720000000000001e+00  1.720000000000001e+00  2.000000000000000e-01  1.686720002100002e-04 
 1.740000000000001e+00  1.740000000000001e+00  2.000000000000000e-01  1.767040002100005e-04 
 1.760000000000001e+00  1.760000000000001e+00  2.000000000000000e-01  1.847360002100005e-04 
 1.780000000000001e+00  1.780000000000001e+00  2.000000000000000e-01  1.927680002100005e-04 
 1.800000000000001e+00  1.800000000000001e+00  2.000000000000000e-01  2.008000002100005e-04 
 1.820000000000001e+00  1.820000000000001e+00  2.000000000000000e-01  2.088320002100005e-04 
 1.840000000000001e+00  1.840000000000001e+00  2.000000000000000e-01  2.168640002100005e-04 
 1.860000000000001e+00  1.860000000000001e+00  2.000000000000000e-01  2.248960002100006e-04 
 1.880000000000001e+00  1.880000000000001e+00  2.000000000000000e-01  2.329280002100004e-04 
 1.900000000000001e+00  1.900000000000001e+00  2.000000000000000e-01  2.409600002100004e-04 
 1.920000000000001e+00  1.920000000000001e+00  2.000000000000000e-01  2.489920002100005e-04 
 1.940000000000001e+00  1.940000000000001e+00  2.000000000000000e-01  2.570240002100005e-04 
 1.960000000000001e+00  1.960000000000001e+00  2.000000000000000e-01  2.650560002100006e-04 
 1.980000000000001e+00  1.980000000000001e+00  2.000000000000000e-01  2.730880002100005e-04 
 2.000000000000001e+00  2.000000000000001e+00  2.000000000000000e-01  2.811200002100006e-04 
 2.020000000000001e+00  2.020000000000001e+00  2.000000000000000e-01  2.891520002100005e-04 
 2.040000000000001e+00  2.040000000000001e+00  2.000000000000000e-01  2.971840002100003e-04 
 2.060000000000001e+00  2.060000000000001e+00  2.000000000000000e-01  3.052160002100006e-04 
 2.080000000000001e+00  2.080000000000001e+00  2.000000000000000e-01  3.132480002100005e-04 
 2.100000000000001e+00  2.100000000000001e+00  2.000000000000000e-01  3.212800002100006e-04 
 2.120000000000001e+00  2.120000000000001e+00  2.000000000000000e-01  3.293120002100006e-04 
 2.140000000000001e+00  2.140000000000001e+00  2.000000000000000e-01  3.373440002100006e-04 
 2.160000000000001e+00  2.160000000000001e+00  2.000000000000000e-01  3.453760002100006e-04 
 2.180000000000001e+00  2.180000000000001e+00  2.000000000000000e-01  3.534080002100005e-04 
 2.200000000000002e+00  2.200000000000002e+00  2.000000000000000e-01  3.614400002100006e-04 
 2.220000000000002e+00  2.220000000000002e+00  2.000000000000000e-01  3.694720002100007e-04 
 2.240000000000002e+00  2.240000000000002e+00  2.000000000000000e-01  3.775040002100005e-04 
 2.260000000000002e+00  2.260000000000002e+00  2.000000000000000e-01  3.855360002100005e-04 
 2.280000000000002e+00  2.280000000000002e+00  2.000000000000000e-01  3.935680002100008e-04 
 2.300000000000002e+00  2.300000000000002e+00  2.000000000000000e-01  4.016000002100005e-04 
 2.320000000000002e+00  2.320000000000002e+00  2.000000000000000e-01  4.096320002100008e-04 
 2.340000000000002e+00  2.340000000000002e+00  2.000000000000000e-01  4.176640002100006e-04 
 2.360000000000002e+00  2.360000000000002e+00  2.000000000000000e-01  4.256960002100006e-04 
 2.380000000000002e+00  2.380000000000002e+00  2.000000000000000e-01  4.337280002100006e-04 
 2.400000000000002e+00  2.400000000000002e+00  2.000000000000000e-01  4.417600002100008e-04 
 2.420000000000002e+00  2.420000000000002e+00  2.000000000000000e-01  4.497920002100007e-04 
 2.440000000000002e+00  2.440000000000002e+00  2.000000000000000e-01  4.578240002100008e-04 
 2.460000000000002e+00  2.460000000000002e+00  2.000000000000000e-01  4.658560002100006e-04 
 2.480000000000002e+00  2.480000000000002e+00  2.000000000000000e-01  4.738880002100007e-04 
 2.500000000000002e+00  2.500000000000002e+00  2.000000000000000e-01  4.819200002100007e-04 
 2.520000000000002e+00  2.520000000000002e+00  2.000000000000000e-01  4.899520002100007e-04 
 2.540000000000002e+00  2.540000000000002e+00  2.000000000000000e-01  4.979840002100008e-04 
 2.560000000000002e+00  2.560000000000002e+00  2.000000000000000e-01  5.060160002100009e-04 
 2.580000000000002e+00  2.580000000000002e+00  2.000000000000000e-01  5.140480002100007e-04 
 2.600000000000002e+00  2.600000000000002e+00  2.000000000000000e-01  5.220800002100007e-04 
 2.620000000000002e+00  2.620000000000002e+00  2.000000000000000e-01  5.301120002100008e-04 
 2.640000000000002e+00  2.640000000000002e+00  2.000000000000000e-01  5.381440002100010e-04 
 2.660000000000002e+00  2.660000000000002e+00  2.000000000000000e-01  5.461760002100007e-04 
 2.680000000000002e+00  2.680000000000002e+00  2.000000000000000e-01  5.542080002100008e-04 
 2.700000000000002e+00  2.700000000000002e+00  2.000000000000000e-01  5.622400002100009e-04 
 2.720000000000002e+00  2.720000000000002e+00  2.000000000000000e-01  5.702720002100005e-04 
 2.740000000000002e+00  2.740000000000002e+00  2.000000000000000e-01  5.783040002100009e-04 
 2.760000000000002e+00  2.760000000000002e+00  2.000000000000000e-01  5.863360002100008e-04 
 2.780000000000002e+00  2.780000000000002e+00  2.000000000000000e-01  5.943680002100009e-04 
 2.800000000000002e+00  2.800000000000002e+00  2.000000000000000e-01  6.024000002100009e-04 
 2.820000000000002e+00  2.820000000000002e+00  2.000000000000000e-01  6.104320002100008e-04 
 2.840000000000002e+00  2.840000000000002e+00  2.000000000000000e-01  6.184640002100010e-04 
 2.860000000000002e+00  2.860000000000002e+00  2.000000000000000e-01  6.264960002100007e-04 
 2.880000000000002e+00  2.880000000000002e+00  2.000000000000000e-01  6.345280002100011e-04 
 2.900000000000002e+00  2.900000000000002e+00  2.000000000000000e-01  6.425600002100010e-04 
 2.920000000000002e+00  2.920000000000002e+00  2.000000000000000e-01  6.505920002100009e-04 
 2.940000000000002e+00  2.940000000000002e+00  2.000000000000000e-01  6.586240002100009e-04 
 2.960000000000002e+00  2.960000000000002e+00  2.000000000000000e-01  6.666560002100010e-04 
 2.980000000000002e+00  2.980000000000002e+00  2.000000000000000e-01  6.746880002100010e-04 
 3.000000000000002e+00  3.000000000000002e+00  2.000000000000000e-01  6.827200002100009e-04 
 3.020000000000002e+00  3.020000000000002e+00  2.000000000000000e-01  6.907520002100011e-04 
 3.040000000000002e+00  3.040000000000002e+00  2.000000000000000e-01  6.987840002100009e-04 
 3.060000000000002e+00  3.060000000000002e+00  2.000000000000000e-01  7.068160002100010e-04 
 3.080000000000002e+00  3.080000000000002e+00  2.000000000000000e-01  7.148480002100012e-04 
 3.100000000000002e+00  3.100000000000002e+00  2.000000000000000e-01  7.228800002100010e-04 
 3.120000000000002e+00  3.120000000000002e+00  2.000000000000000e-01  7.309120002100008e-04 
 3.140000000000002e+00  3.140000000000002e+00  2.000000000000000e-01  7.389440002100009e-04 
 3.160000000000002e+00  3.160000000000002e+00  2.000000000000000e-01  7.469760002100012e-04 
 3.180000000000002e+00  3.180000000000002e+00  2.000000000000000e-01  7.550080002100010e-04 
 3.200000000000002e+00  3.200000000000002e+00  2.000000000000000e-01  7.630400002100009e-04 
 3.220000000000002e+00  3.220000000000002e+00  2.000000000000000e-01  7.710720002100011e-04 
 3.240000000000002e+00  3.240000000000002e+00  2.000000000000000e-01  7.791040002100010e-04 
 3.260000000000002e+00  3.260000000000002e+00  2.000000000000000e-01  7.871360002100008e-04 
 3.280000000000002e+00  3.280000000000002e+00  2.000000000000000e-01  7.951680002100009e-04 
 3.300000000000002e+00  3.300000000000002e+00  2.000000000000000e-01  8.032000002100011e-04 
 3.320000000000003e+00  3.320000000000003e+00  2.000000000000000e-01  8.112320002100012e-04 
 3.340000000000003e+00  3.340000000000003e+00  2.000000000000000e-01  8.192640002100012e-04 
 3.360000000000003e+00  3.360000000000003e+00  2.000000000000000e-01  8.272960002100012e-04 
 3.380000000000003e+00  3.380000000000003e+00  2.000000000000000e-01  8.353280002100009e-04 
 3.400000000000003e+00  3.400000000000003e+00  2.000000000000000e-01  8.433600002100013e-04 
 3.420000000000003e+00  3.420000000000003e+00  2.000000000000000e-01  8.513920002100014e-04 
 3.440000000000003e+00  3.440000000000003e+00  2.000000000000000e-01  8.594240002100011e-04 
 3.460000000000003e+00  3.460000000000003e+00  2.000000000000000e-01  8.674560002100012e-04 
 3.480000000000003e+00  3.480000000000003e+00  2.000000000000000e-01  8.754880002100014e-04 
 3.500000000000003e+00  3.500000000000003e+00  2.000000000000000e-01  8.835200002100011e-04 
